  0.152493E-04  0.201741E+08  0.201741E+08  0.268640E+08  0.268639E+08
  0.157662E-04  0.201741E+08  0.201741E+08  0.268616E+08  0.268615E+08
  0.163005E-04  0.201741E+08  0.201741E+08  0.268590E+08  0.268589E+08
  0.168531E-04  0.201741E+08  0.201741E+08  0.268563E+08  0.268562E+08
  0.174243E-04  0.201741E+08  0.201741E+08  0.268533E+08  0.268533E+08
  0.180149E-04  0.201741E+08  0.201741E+08  0.268502E+08  0.268501E+08
  0.186255E-04  0.201741E+08  0.201741E+08  0.268468E+08  0.268468E+08
  0.192568E-04  0.201741E+08  0.201741E+08  0.268432E+08  0.268432E+08
  0.199095E-04  0.201740E+08  0.201740E+08  0.268394E+08  0.268393E+08
  0.205844E-04  0.201740E+08  0.201740E+08  0.268353E+08  0.268352E+08
  0.212821E-04  0.201740E+08  0.201740E+08  0.268309E+08  0.268308E+08
  0.220034E-04  0.201740E+08  0.201740E+08  0.268263E+08  0.268262E+08
  0.227492E-04  0.201740E+08  0.201740E+08  0.268213E+08  0.268211E+08
  0.235203E-04  0.201740E+08  0.201740E+08  0.268159E+08  0.268158E+08
  0.243176E-04  0.201740E+08  0.201740E+08  0.268102E+08  0.268101E+08
  0.251418E-04  0.201740E+08  0.201740E+08  0.268041E+08  0.268040E+08
  0.259940E-04  0.201740E+08  0.201740E+08  0.267976E+08  0.267974E+08
  0.268751E-04  0.201739E+08  0.201739E+08  0.267906E+08  0.267905E+08
  0.277860E-04  0.201739E+08  0.201739E+08  0.267832E+08  0.267830E+08
  0.287278E-04  0.201739E+08  0.201739E+08  0.267752E+08  0.267750E+08
  0.297015E-04  0.201739E+08  0.201739E+08  0.267667E+08  0.267665E+08
  0.307083E-04  0.201739E+08  0.201739E+08  0.267576E+08  0.267574E+08
  0.317491E-04  0.201739E+08  0.201739E+08  0.267479E+08  0.267477E+08
  0.328253E-04  0.201738E+08  0.201738E+08  0.267375E+08  0.267373E+08
  0.339379E-04  0.201738E+08  0.201738E+08  0.267264E+08  0.267262E+08
  0.350882E-04  0.201738E+08  0.201738E+08  0.267146E+08  0.267143E+08
  0.362775E-04  0.201738E+08  0.201738E+08  0.267019E+08  0.267016E+08
  0.375072E-04  0.201737E+08  0.201737E+08  0.266884E+08  0.266880E+08
  0.387785E-04  0.201737E+08  0.201737E+08  0.266739E+08  0.266736E+08
  0.400929E-04  0.201737E+08  0.201737E+08  0.266585E+08  0.266581E+08
  0.414518E-04  0.201736E+08  0.201736E+08  0.266420E+08  0.266416E+08
  0.428568E-04  0.201736E+08  0.201736E+08  0.266243E+08  0.266239E+08
  0.443095E-04  0.201736E+08  0.201736E+08  0.266055E+08  0.266051E+08
  0.458114E-04  0.201735E+08  0.201735E+08  0.265854E+08  0.265849E+08
  0.473641E-04  0.201735E+08  0.201735E+08  0.265639E+08  0.265634E+08
  0.489696E-04  0.201734E+08  0.201734E+08  0.265409E+08  0.265404E+08
  0.506294E-04  0.201734E+08  0.201734E+08  0.265164E+08  0.265158E+08
  0.523455E-04  0.201733E+08  0.201733E+08  0.264902E+08  0.264896E+08
  0.541197E-04  0.201733E+08  0.201733E+08  0.264623E+08  0.264616E+08
  0.559541E-04  0.201732E+08  0.201732E+08  0.264324E+08  0.264317E+08
  0.578507E-04  0.201731E+08  0.201731E+08  0.264005E+08  0.263998E+08
  0.598115E-04  0.201731E+08  0.201731E+08  0.263665E+08  0.263657E+08
  0.618389E-04  0.201730E+08  0.201730E+08  0.263301E+08  0.263293E+08
  0.639349E-04  0.201729E+08  0.201729E+08  0.262913E+08  0.262904E+08
  0.661020E-04  0.201728E+08  0.201728E+08  0.262499E+08  0.262489E+08
  0.683425E-04  0.201727E+08  0.201727E+08  0.262057E+08  0.262047E+08
  0.706590E-04  0.201726E+08  0.201726E+08  0.261585E+08  0.261574E+08
  0.730540E-04  0.201725E+08  0.201725E+08  0.261081E+08  0.261070E+08
  0.755302E-04  0.201724E+08  0.201724E+08  0.260544E+08  0.260532E+08
  0.780903E-04  0.201723E+08  0.201723E+08  0.259971E+08  0.259958E+08
  0.807371E-04  0.201722E+08  0.201722E+08  0.259359E+08  0.259345E+08
  0.834737E-04  0.201721E+08  0.201720E+08  0.258707E+08  0.258692E+08
  0.863031E-04  0.201719E+08  0.201719E+08  0.258012E+08  0.257996E+08
  0.892283E-04  0.201717E+08  0.201717E+08  0.257270E+08  0.257253E+08
  0.922527E-04  0.201716E+08  0.201716E+08  0.256480E+08  0.256462E+08
  0.953797E-04  0.201714E+08  0.201714E+08  0.255637E+08  0.255618E+08
  0.986126E-04  0.201712E+08  0.201712E+08  0.254739E+08  0.254719E+08
  0.101955E-03  0.201710E+08  0.201710E+08  0.253783E+08  0.253761E+08
  0.105411E-03  0.201708E+08  0.201708E+08  0.252764E+08  0.252740E+08
  0.108984E-03  0.201706E+08  0.201706E+08  0.251679E+08  0.251654E+08
  0.112678E-03  0.201703E+08  0.201703E+08  0.250523E+08  0.250497E+08
  0.116497E-03  0.201701E+08  0.201701E+08  0.249294E+08  0.249266E+08
  0.120446E-03  0.201698E+08  0.201698E+08  0.247986E+08  0.247956E+08
  0.124528E-03  0.201695E+08  0.201695E+08  0.246594E+08  0.246563E+08
  0.128749E-03  0.201692E+08  0.201692E+08  0.245115E+08  0.245081E+08
  0.133113E-03  0.201688E+08  0.201688E+08  0.243542E+08  0.243507E+08
  0.137625E-03  0.201684E+08  0.201684E+08  0.241871E+08  0.241834E+08
  0.142290E-03  0.201681E+08  0.201680E+08  0.240097E+08  0.240057E+08
  0.147113E-03  0.201676E+08  0.201676E+08  0.238213E+08  0.238171E+08
  0.152099E-03  0.201672E+08  0.201672E+08  0.236214E+08  0.236170E+08
  0.157254E-03  0.201667E+08  0.201667E+08  0.234094E+08  0.234048E+08
  0.162585E-03  0.201662E+08  0.201662E+08  0.231848E+08  0.231798E+08
  0.168095E-03  0.201657E+08  0.201657E+08  0.229468E+08  0.229416E+08
  0.173793E-03  0.201651E+08  0.201651E+08  0.226949E+08  0.226894E+08
  0.179684E-03  0.201645E+08  0.201644E+08  0.224284E+08  0.224226E+08
  0.185774E-03  0.201638E+08  0.201638E+08  0.221467E+08  0.221406E+08
  0.192071E-03  0.201631E+08  0.201631E+08  0.218491E+08  0.218428E+08
  0.198581E-03  0.201623E+08  0.201623E+08  0.215351E+08  0.215284E+08
  0.205312E-03  0.201615E+08  0.201615E+08  0.212040E+08  0.211970E+08
  0.212271E-03  0.201607E+08  0.201607E+08  0.208552E+08  0.208479E+08
  0.219466E-03  0.201598E+08  0.201597E+08  0.204882E+08  0.204806E+08
  0.226905E-03  0.201588E+08  0.201588E+08  0.201024E+08  0.200945E+08
  0.234596E-03  0.201577E+08  0.201577E+08  0.196974E+08  0.196892E+08
  0.242548E-03  0.201566E+08  0.201566E+08  0.192728E+08  0.192643E+08
  0.250769E-03  0.201554E+08  0.201554E+08  0.188282E+08  0.188193E+08
  0.259269E-03  0.201542E+08  0.201542E+08  0.183634E+08  0.183542E+08
  0.268057E-03  0.201528E+08  0.201528E+08  0.178782E+08  0.178688E+08
  0.277143E-03  0.201514E+08  0.201514E+08  0.173727E+08  0.173630E+08
  0.286536E-03  0.201499E+08  0.201499E+08  0.168469E+08  0.168370E+08
  0.296249E-03  0.201482E+08  0.201482E+08  0.163011E+08  0.162911E+08
  0.306290E-03  0.201465E+08  0.201465E+08  0.157359E+08  0.157257E+08
  0.316672E-03  0.201447E+08  0.201447E+08  0.151518E+08  0.151415E+08
  0.327405E-03  0.201427E+08  0.201427E+08  0.145498E+08  0.145394E+08
  0.338503E-03  0.201406E+08  0.201406E+08  0.139309E+08  0.139206E+08
  0.349976E-03  0.201384E+08  0.201384E+08  0.132967E+08  0.132864E+08
  0.361839E-03  0.201360E+08  0.201360E+08  0.126487E+08  0.126385E+08
  0.374103E-03  0.201335E+08  0.201335E+08  0.119890E+08  0.119790E+08
  0.386784E-03  0.201308E+08  0.201308E+08  0.113198E+08  0.113101E+08
  0.399894E-03  0.201280E+08  0.201280E+08  0.106438E+08  0.106345E+08
  0.413448E-03  0.201250E+08  0.201249E+08  0.996389E+07  0.995503E+07
  0.427462E-03  0.201218E+08  0.201217E+08  0.928333E+07  0.927503E+07
  0.441951E-03  0.201184E+08  0.201183E+08  0.860569E+07  0.859804E+07
  0.456931E-03  0.201147E+08  0.201147E+08  0.793481E+07  0.792791E+07
  0.472419E-03  0.201109E+08  0.201109E+08  0.727479E+07  0.726872E+07
  0.488431E-03  0.201069E+08  0.201068E+08  0.662991E+07  0.662475E+07
  0.504987E-03  0.201025E+08  0.201025E+08  0.600459E+07  0.600040E+07
  0.522103E-03  0.200980E+08  0.200980E+08  0.540328E+07  0.540013E+07
  0.539800E-03  0.200932E+08  0.200931E+08  0.483039E+07  0.482832E+07
  0.558097E-03  0.200880E+08  0.200880E+08  0.429018E+07  0.428920E+07
  0.577013E-03  0.200826E+08  0.200826E+08  0.378658E+07  0.378669E+07
  0.596571E-03  0.200769E+08  0.200769E+08  0.332311E+07  0.332426E+07
  0.616792E-03  0.200709E+08  0.200708E+08  0.290269E+07  0.290481E+07
  0.637698E-03  0.200645E+08  0.200644E+08  0.252749E+07  0.253046E+07
  0.659313E-03  0.200578E+08  0.200577E+08  0.219879E+07  0.220248E+07
  0.681661E-03  0.200507E+08  0.200506E+08  0.191684E+07  0.192107E+07
  0.704766E-03  0.200432E+08  0.200431E+08  0.168076E+07  0.168531E+07
  0.728654E-03  0.200353E+08  0.200352E+08  0.148843E+07  0.149308E+07
  0.753352E-03  0.200269E+08  0.200268E+08  0.133653E+07  0.134103E+07
  0.778887E-03  0.200181E+08  0.200181E+08  0.122054E+07  0.122464E+07
  0.805287E-03  0.200089E+08  0.200088E+08  0.113486E+07  0.113832E+07
  0.832582E-03  0.199992E+08  0.199991E+08  0.107308E+07  0.107569E+07
  0.860803E-03  0.199890E+08  0.199889E+08  0.102817E+07  0.102977E+07
  0.889980E-03  0.199782E+08  0.199781E+08  0.992969E+06  0.993449E+06
  0.920146E-03  0.199669E+08  0.199668E+08  0.960548E+06  0.959890E+06
  0.951334E-03  0.199551E+08  0.199550E+08  0.924744E+06  0.923012E+06
  0.983580E-03  0.199426E+08  0.199425E+08  0.880632E+06  0.877978E+06
  0.101692E-02  0.199296E+08  0.199294E+08  0.824963E+06  0.821623E+06
  0.105139E-02  0.199158E+08  0.199157E+08  0.756495E+06  0.752765E+06
  0.108702E-02  0.199015E+08  0.199013E+08  0.676150E+06  0.672356E+06
  0.112387E-02  0.198864E+08  0.198862E+08  0.586939E+06  0.583394E+06
  0.116196E-02  0.198706E+08  0.198704E+08  0.493628E+06  0.490583E+06
  0.120135E-02  0.198540E+08  0.198538E+08  0.402128E+06  0.399722E+06
  0.124207E-02  0.198367E+08  0.198365E+08  0.318657E+06  0.316871E+06
  0.128417E-02  0.198185E+08  0.198183E+08  0.248755E+06  0.247388E+06
  0.132769E-02  0.197995E+08  0.197992E+08  0.196299E+06  0.194969E+06
  0.137270E-02  0.197796E+08  0.197793E+08  0.162700E+06  0.160887E+06
  0.141922E-02  0.197588E+08  0.197585E+08  0.146477E+06  0.143596E+06
  0.146733E-02  0.197370E+08  0.197367E+08  0.143372E+06  0.138882E+06
  0.151706E-02  0.197142E+08  0.197139E+08  0.147081E+06  0.140607E+06
  0.156848E-02  0.196904E+08  0.196901E+08  0.150548E+06  0.141997E+06
  0.162165E-02  0.196656E+08  0.196652E+08  0.147598E+06  0.137227E+06
  0.167661E-02  0.196396E+08  0.196392E+08  0.134533E+06  0.122943E+06
  0.173344E-02  0.196125E+08  0.196121E+08  0.111198E+06  0.992476E+05
  0.179220E-02  0.195842E+08  0.195838E+08  0.811147E+05  0.697417E+05
  0.185295E-02  0.195547E+08  0.195542E+08  0.504331E+05  0.404402E+05
  0.191575E-02  0.195239E+08  0.195234E+08  0.258744E+05  0.177302E+05
  0.198069E-02  0.194918E+08  0.194913E+08  0.122359E+05  0.597132E+04
  0.204782E-02  0.194584E+08  0.194578E+08  0.103911E+05  0.563979E+04
  0.211723E-02  0.194235E+08  0.194229E+08  0.167281E+05  0.129114E+05
  0.218900E-02  0.193872E+08  0.193866E+08  0.245484E+05  0.211320E+05
  0.226319E-02  0.193494E+08  0.193487E+08  0.270997E+05  0.237961E+05
  0.233990E-02  0.193101E+08  0.193094E+08  0.209638E+05  0.177578E+05
  0.241922E-02  0.192692E+08  0.192684E+08  0.799021E+04  0.494807E+04
  0.250122E-02  0.192266E+08  0.192257E+08 -0.562665E+04 -0.865448E+04
  0.258599E-02  0.191823E+08  0.191814E+08 -0.130583E+05 -0.166125E+05
  0.267365E-02  0.191363E+08  0.191354E+08 -0.113661E+05 -0.162124E+05
  0.276427E-02  0.190885E+08  0.190875E+08 -0.377901E+04 -0.103895E+05
  0.285797E-02  0.190389E+08  0.190378E+08  0.237619E+04 -0.561077E+04
  0.295484E-02  0.189874E+08  0.189862E+08  0.118715E+04 -0.680817E+04
  0.305499E-02  0.189339E+08  0.189326E+08 -0.697241E+04 -0.132471E+05
  0.315854E-02  0.188784E+08  0.188771E+08 -0.156716E+05 -0.192125E+05
  0.326560E-02  0.188209E+08  0.188194E+08 -0.183130E+05 -0.195407E+05
  0.337629E-02  0.187612E+08  0.187597E+08 -0.145759E+05 -0.150063E+05
  0.349073E-02  0.186994E+08  0.186978E+08 -0.105932E+05 -0.116623E+05
  0.360905E-02  0.186354E+08  0.186337E+08 -0.118382E+05 -0.140282E+05
  0.373137E-02  0.185691E+08  0.185673E+08 -0.164416E+05 -0.195876E+05
  0.385785E-02  0.185005E+08  0.184985E+08 -0.176967E+05 -0.218749E+05
  0.398861E-02  0.184295E+08  0.184274E+08 -0.135494E+05 -0.190481E+05
  0.412381E-02  0.183561E+08  0.183539E+08 -0.100517E+05 -0.162999E+05
  0.426358E-02  0.182802E+08  0.182778E+08 -0.123615E+05 -0.178250E+05
  0.440810E-02  0.182017E+08  0.181992E+08 -0.161071E+05 -0.202377E+05
  0.455751E-02  0.181206E+08  0.181180E+08 -0.142475E+05 -0.187567E+05
  0.471199E-02  0.180369E+08  0.180341E+08 -0.955426E+04 -0.160841E+05
  0.487170E-02  0.179505E+08  0.179475E+08 -0.983479E+04 -0.171288E+05
  0.503683E-02  0.178614E+08  0.178581E+08 -0.128205E+05 -0.187806E+05
  0.520755E-02  0.177694E+08  0.177660E+08 -0.106888E+05 -0.161280E+05
  0.538406E-02  0.176745E+08  0.176709E+08 -0.680081E+04 -0.132485E+05
  0.556656E-02  0.175768E+08  0.175729E+08 -0.826967E+04 -0.141126E+05
  0.575524E-02  0.174760E+08  0.174719E+08 -0.985792E+04 -0.137311E+05
  0.595031E-02  0.173722E+08  0.173678E+08 -0.760299E+04 -0.112587E+05
  0.615200E-02  0.172654E+08  0.172607E+08 -0.821076E+04 -0.116598E+05
  0.636052E-02  0.171554E+08  0.171504E+08 -0.947707E+04 -0.114776E+05
  0.657611E-02  0.170422E+08  0.170369E+08 -0.642826E+04 -0.913551E+04
  0.679901E-02  0.169258E+08  0.169202E+08 -0.631476E+04 -0.996331E+04
  0.702946E-02  0.168061E+08  0.168001E+08 -0.741106E+04 -0.101270E+05
  0.726773E-02  0.166830E+08  0.166766E+08 -0.553788E+04 -0.886354E+04
  0.751407E-02  0.165566E+08  0.165498E+08 -0.577080E+04 -0.934319E+04
  0.776876E-02  0.164267E+08  0.164195E+08 -0.463612E+04 -0.803844E+04
  0.803208E-02  0.162933E+08  0.162856E+08 -0.441429E+04 -0.818224E+04
  0.830433E-02  0.161563E+08  0.161482E+08 -0.443583E+04 -0.748054E+04
  0.858580E-02  0.160158E+08  0.160072E+08 -0.400435E+04 -0.640516E+04
  0.887682E-02  0.158716E+08  0.158624E+08 -0.504535E+04 -0.603625E+04
  0.917770E-02  0.157237E+08  0.157140E+08 -0.325550E+04 -0.546377E+04
  0.948878E-02  0.155721E+08  0.155618E+08 -0.381660E+04 -0.527784E+04
  0.981040E-02  0.154166E+08  0.154057E+08 -0.302190E+04 -0.468535E+04
  0.101429E-01  0.152574E+08  0.152458E+08 -0.320609E+04 -0.488786E+04
  0.104867E-01  0.150942E+08  0.150819E+08 -0.214477E+04 -0.470794E+04
  0.108422E-01  0.149271E+08  0.149141E+08 -0.261067E+04 -0.411635E+04
  0.112097E-01  0.147560E+08  0.147423E+08 -0.254962E+04 -0.422094E+04
  0.115896E-01  0.145809E+08  0.145664E+08 -0.241485E+04 -0.336161E+04
  0.119825E-01  0.144018E+08  0.143864E+08 -0.204818E+04 -0.312869E+04
  0.123886E-01  0.142185E+08  0.142023E+08 -0.201643E+04 -0.300690E+04
  0.128085E-01  0.140312E+08  0.140140E+08 -0.140679E+04 -0.257944E+04
  0.132427E-01  0.138397E+08  0.138216E+08 -0.161459E+04 -0.272523E+04
  0.136915E-01  0.136441E+08  0.136249E+08 -0.170239E+04 -0.269926E+04
  0.141556E-01  0.134442E+08  0.134241E+08 -0.135399E+04 -0.230187E+04
  0.146354E-01  0.132402E+08  0.132190E+08 -0.119945E+04 -0.198565E+04
  0.151315E-01  0.130321E+08  0.130097E+08 -0.130510E+04 -0.172367E+04
  0.156444E-01  0.128198E+08  0.127963E+08 -0.954684E+03 -0.180058E+04
  0.161746E-01  0.126034E+08  0.125787E+08 -0.119351E+04 -0.170044E+04
  0.167229E-01  0.123829E+08  0.123570E+08 -0.905269E+03 -0.167547E+04
  0.172897E-01  0.121584E+08  0.121313E+08 -0.635918E+03 -0.140188E+04
  0.178757E-01  0.119300E+08  0.119016E+08 -0.643956E+03 -0.121121E+04
  0.184816E-01  0.116978E+08  0.116681E+08 -0.514339E+03 -0.109445E+04
  0.191081E-01  0.114620E+08  0.114309E+08 -0.801010E+03 -0.107226E+04
  0.197557E-01  0.112226E+08  0.111902E+08 -0.537274E+03 -0.109835E+04
  0.204253E-01  0.109799E+08  0.109461E+08 -0.448058E+03 -0.908409E+03
  0.211177E-01  0.107341E+08  0.106989E+08 -0.395731E+03 -0.786382E+03
  0.218335E-01  0.104854E+08  0.104490E+08 -0.551655E+03 -0.788351E+03
  0.225735E-01  0.102342E+08  0.101965E+08 -0.417072E+03 -0.729556E+03
  0.233386E-01  0.998087E+07  0.994183E+07 -0.358170E+03 -0.605824E+03
  0.241297E-01  0.972572E+07  0.968543E+07 -0.414378E+03 -0.552519E+03
  0.249476E-01  0.946921E+07  0.942773E+07 -0.258131E+03 -0.560452E+03
  0.257932E-01  0.921183E+07  0.916924E+07 -0.263931E+03 -0.502626E+03
  0.266674E-01  0.895413E+07  0.891050E+07 -0.278291E+03 -0.413711E+03
  0.275713E-01  0.869669E+07  0.865212E+07 -0.169867E+03 -0.351479E+03
  0.285059E-01  0.844015E+07  0.839476E+07 -0.159578E+03 -0.402121E+03
  0.294721E-01  0.818519E+07  0.813912E+07 -0.251396E+03 -0.304048E+03
  0.304710E-01  0.793253E+07  0.788593E+07 -0.132606E+03 -0.289638E+03
  0.315039E-01  0.768295E+07  0.763599E+07 -0.180196E+03 -0.299872E+03
  0.325717E-01  0.743722E+07  0.739009E+07 -0.141583E+03 -0.224032E+03
  0.336757E-01  0.719615E+07  0.714905E+07 -0.134589E+03 -0.210998E+03
  0.348171E-01  0.696054E+07  0.691369E+07 -0.939709E+02 -0.219646E+03
  0.359973E-01  0.673118E+07  0.668482E+07 -0.121979E+03 -0.160312E+03
  0.372174E-01  0.650883E+07  0.646320E+07 -0.101021E+03 -0.181828E+03
  0.384789E-01  0.629419E+07  0.624954E+07 -0.820186E+02 -0.149439E+03
  0.397831E-01  0.608788E+07  0.604446E+07 -0.938435E+02 -0.144966E+03
  0.411316E-01  0.589041E+07  0.584847E+07 -0.825256E+02 -0.116895E+03
  0.425258E-01  0.570217E+07  0.566194E+07 -0.847464E+02 -0.104182E+03
  0.439672E-01  0.552337E+07  0.548507E+07 -0.556423E+02 -0.111158E+03
  0.454575E-01  0.535405E+07  0.531788E+07 -0.555307E+02 -0.825194E+02
  0.469982E-01  0.519401E+07  0.516015E+07 -0.698565E+02 -0.893451E+02
  0.485912E-01  0.504287E+07  0.501142E+07 -0.593900E+02 -0.695911E+02
  0.502383E-01  0.489995E+07  0.487101E+07 -0.374351E+02 -0.685253E+02
  0.519411E-01  0.476437E+07  0.473796E+07 -0.288337E+02 -0.699597E+02
  0.537016E-01  0.463500E+07  0.461109E+07 -0.467746E+02 -0.456143E+02
  0.555219E-01  0.451051E+07  0.448899E+07 -0.314492E+02 -0.561000E+02
  0.574038E-01  0.438940E+07  0.437012E+07 -0.365590E+02 -0.488559E+02
  0.593495E-01  0.427008E+07  0.425280E+07 -0.204418E+02 -0.391151E+02
  0.613611E-01  0.415093E+07  0.413535E+07 -0.296599E+02 -0.437925E+02
  0.634410E-01  0.403038E+07  0.401618E+07 -0.243762E+02 -0.353770E+02
  0.655913E-01  0.390707E+07  0.389388E+07 -0.182355E+02 -0.290905E+02
  0.678145E-01  0.377992E+07  0.376734E+07 -0.240136E+02 -0.278810E+02
  0.701131E-01  0.364828E+07  0.363592E+07 -0.166172E+02 -0.302451E+02
  0.724896E-01  0.351198E+07  0.349949E+07 -0.193829E+02 -0.256346E+02
  0.749467E-01  0.337148E+07  0.335854E+07 -0.192073E+02 -0.209693E+02
  0.774870E-01  0.322786E+07  0.321423E+07 -0.102972E+02 -0.173141E+02
  0.801134E-01  0.308279E+07  0.306835E+07 -0.103356E+02 -0.137814E+02
  0.828289E-01  0.293851E+07  0.292324E+07 -0.627822E+01 -0.134146E+02
  0.856364E-01  0.279763E+07  0.278163E+07 -0.679915E+01 -0.127154E+02
  0.885390E-01  0.266288E+07  0.264639E+07 -0.248226E+01 -0.116369E+02
  0.915401E-01  0.253691E+07  0.252023E+07 -0.394899E+01 -0.982563E+01
  0.946428E-01  0.242186E+07  0.240539E+07 -0.624438E+01 -0.816088E+01
  0.978508E-01  0.231911E+07  0.230328E+07 -0.466510E+01 -0.723796E+01
  0.101167E+00  0.222897E+07  0.221418E+07 -0.484184E+01 -0.658750E+01
  0.104596E+00  0.215055E+07  0.213712E+07 -0.543912E+01 -0.753982E+01
  0.108142E+00  0.208170E+07  0.206983E+07 -0.320602E+01 -0.682814E+01
  0.111807E+00  0.201924E+07  0.200896E+07 -0.425341E+01 -0.621456E+01
  0.115597E+00  0.195933E+07  0.195051E+07 -0.326211E+01 -0.433302E+01
  0.119515E+00  0.189808E+07  0.189043E+07 -0.222272E+01 -0.470963E+01
  0.123566E+00  0.183224E+07  0.182535E+07 -0.412001E+01 -0.444257E+01
  0.127754E+00  0.175982E+07  0.175323E+07 -0.260944E+01 -0.310663E+01
  0.132085E+00  0.168065E+07  0.167393E+07 -0.142568E+01 -0.354503E+01
  0.136562E+00  0.159650E+07  0.158936E+07 -0.244580E+01 -0.253812E+01
  0.141191E+00  0.151084E+07  0.150317E+07 -0.187273E+01 -0.304040E+01
  0.145976E+00  0.142810E+07  0.141998E+07 -0.649427E+00 -0.254495E+01
  0.150924E+00  0.135261E+07  0.134432E+07 -0.187759E+01 -0.162530E+01
  0.156040E+00  0.128741E+07  0.127934E+07 -0.907868E+00 -0.187099E+01
  0.161329E+00  0.123331E+07  0.122582E+07 -0.258107E+00 -0.190783E+01
  0.166797E+00  0.118849E+07  0.118186E+07 -0.670579E+00 -0.160463E+01
  0.172450E+00  0.114901E+07  0.114328E+07 -0.102372E+01 -0.152254E+01
  0.178296E+00  0.110994E+07  0.110498E+07 -0.396345E+00 -0.111177E+01
  0.184339E+00  0.106713E+07  0.106262E+07 -0.882500E+00 -0.110325E+01
  0.190587E+00  0.101871E+07  0.101431E+07 -0.474431E+00 -0.107014E+01
  0.197047E+00  0.965859E+06  0.961310E+06 -0.666527E+00 -0.978398E+00
  0.203726E+00  0.912296E+06  0.907522E+06 -0.483987E+00 -0.704357E+00
  0.210631E+00  0.862614E+06  0.857748E+06 -0.573311E+00 -0.580099E+00
  0.217771E+00  0.820102E+06  0.815397E+06 -0.288926E+00 -0.667729E+00
  0.225152E+00  0.785121E+06  0.780814E+06 -0.464545E+00 -0.394166E+00
  0.232784E+00  0.754961E+06  0.751150E+06 -0.348671E+00 -0.537792E+00
  0.240674E+00  0.725417E+06  0.722015E+06 -0.356114E+00 -0.455905E+00
  0.248832E+00  0.693263E+06  0.690065E+06 -0.248204E+00 -0.316669E+00
  0.257266E+00  0.658144E+06  0.654960E+06 -0.158606E+00 -0.261176E+00
  0.265986E+00  0.622578E+06  0.619351E+06 -0.183733E+00 -0.215795E+00
  0.275002E+00  0.589984E+06  0.586801E+06 -0.183406E+00 -0.207223E+00
  0.284323E+00  0.562105E+06  0.559113E+06 -0.101411E+00 -0.231780E+00
  0.293960E+00  0.537814E+06  0.535091E+06 -0.203841E+00 -0.230006E+00
  0.303924E+00  0.514295E+06  0.511796E+06 -0.192888E+00 -0.198510E+00
  0.314225E+00  0.489583E+06  0.487194E+06 -0.958287E-01 -0.192893E+00
  0.324876E+00  0.464148E+06  0.461797E+06 -0.110734E+00 -0.132304E+00
  0.335888E+00  0.440062E+06  0.437769E+06 -0.769714E-01 -0.142785E+00
  0.347273E+00  0.418663E+06  0.416499E+06 -0.109698E+00 -0.146868E+00
  0.359043E+00  0.399265E+06  0.397259E+06 -0.102060E+00 -0.147623E+00
  0.371213E+00  0.380235E+06  0.378349E+06 -0.581970E-01 -0.102996E+00
  0.383796E+00  0.360991E+06  0.359175E+06 -0.527685E-01 -0.616836E-01
  0.396804E+00  0.342425E+06  0.340672E+06 -0.332652E-01 -0.935559E-01
  0.410254E+00  0.325402E+06  0.323742E+06 -0.459696E-01 -0.632774E-01
  0.424160E+00  0.309596E+06  0.308039E+06 -0.479076E-01 -0.862230E-01
  0.438537E+00  0.294198E+06  0.292721E+06 -0.319922E-01 -0.711730E-01
  0.453401E+00  0.279153E+06  0.277738E+06 -0.303700E-01 -0.653439E-01
  0.468769E+00  0.264973E+06  0.263627E+06 -0.284168E-01 -0.533867E-01
  0.484658E+00  0.251721E+06  0.250450E+06 -0.224124E-01 -0.302874E-01
  0.501086E+00  0.239010E+06  0.237806E+06 -0.201578E-01 -0.472866E-01
  0.518070E+00  0.226758E+06  0.225611E+06 -0.170622E-01 -0.406963E-01
  0.535630E+00  0.215170E+06  0.214081E+06 -0.151498E-01 -0.316743E-01
  0.553785E+00  0.204212E+06  0.203181E+06 -0.142506E-01 -0.336203E-01
  0.572556E+00  0.193724E+06  0.192746E+06 -0.133785E-01 -0.164269E-01
  0.591963E+00  0.183732E+06  0.182803E+06 -0.110660E-01 -0.274145E-01
  0.612027E+00  0.174267E+06  0.173387E+06 -0.104119E-01 -0.151635E-01
  0.632772E+00  0.165254E+06  0.164420E+06 -0.880086E-02 -0.162226E-01
  0.654220E+00  0.156674E+06  0.155883E+06 -0.796364E-02 -0.154416E-01
  0.676395E+00  0.148532E+06  0.147782E+06 -0.707946E-02 -0.426692E-02
  0.699321E+00  0.140790E+06  0.140079E+06 -0.627389E-02 -0.795932E-02
  0.723025E+00  0.133431E+06  0.132757E+06 -0.559978E-02 -0.827755E-02
  0.747532E+00  0.126443E+06  0.125804E+06 -0.497236E-02 -0.478962E-02
  0.772869E+00  0.119803E+06  0.119197E+06 -0.441026E-02 -0.103360E-01
  0.799066E+00  0.113497E+06  0.112924E+06 -0.390157E-02 -0.107029E-01
  0.826150E+00  0.107510E+06  0.106967E+06 -0.346332E-02 -0.786634E-02
  0.854153E+00  0.101826E+06  0.101312E+06 -0.306316E-02 -0.531556E-02
  0.883104E+00  0.964311E+05  0.959442E+05 -0.270767E-02 -0.160093E-02
  0.913037E+00  0.913109E+05  0.908499E+05 -0.240575E-02 -0.185710E-02
  0.943985E+00  0.864524E+05  0.860159E+05 -0.212874E-02 -0.557034E-02
  0.975981E+00  0.818427E+05  0.814295E+05 -0.188538E-02 -0.369920E-02
  0.100906E+01  0.774696E+05  0.770785E+05 -0.166965E-02 -0.350014E-02
  0.104326E+01  0.733218E+05  0.729517E+05 -0.147825E-02 -0.308551E-02
  0.107863E+01  0.693885E+05  0.690382E+05 -0.130864E-02 -0.238110E-02
  0.111519E+01  0.656591E+05  0.653276E+05 -0.115836E-02 -0.325196E-02
  0.115299E+01  0.621236E+05  0.618100E+05 -0.102535E-02 -0.325459E-02
  0.119207E+01  0.587723E+05  0.584756E+05 -0.907450E-03 -0.143809E-02
  0.123247E+01  0.555957E+05  0.553151E+05 -0.803047E-03 -0.179727E-02
  0.127425E+01  0.525853E+05  0.523199E+05 -0.710596E-03 -0.196699E-02
  0.131744E+01  0.497330E+05  0.494820E+05 -0.628716E-03 -0.317291E-03
  0.136209E+01  0.470309E+05  0.467935E+05 -0.556226E-03 -0.601936E-03
  0.140826E+01  0.444713E+05  0.442468E+05 -0.492025E-03 -0.864500E-04
  0.145599E+01  0.420469E+05  0.418347E+05 -0.435195E-03 -0.562782E-04
  0.150534E+01  0.397507E+05  0.395501E+05 -0.384897E-03 -0.196132E-03
  0.155637E+01  0.375765E+05  0.373868E+05 -0.340388E-03 -0.254666E-04
  0.160912E+01  0.355180E+05  0.353387E+05 -0.300993E-03 -0.298502E-03
  0.166366E+01  0.335692E+05  0.333998E+05 -0.266131E-03 -0.772946E-03
  0.172005E+01  0.317244E+05  0.315643E+05 -0.235280E-03 -0.792113E-03
  0.177835E+01  0.299784E+05  0.298271E+05 -0.207995E-03 -0.610226E-03
  0.183863E+01  0.283261E+05  0.281832E+05 -0.183852E-03 -0.384041E-03
  0.190095E+01  0.267625E+05  0.266274E+05 -0.162501E-03 -0.578838E-05
  0.196538E+01  0.252830E+05  0.251554E+05 -0.143617E-03 -0.482280E-03
  0.203200E+01  0.238833E+05  0.237628E+05 -0.126918E-03 -0.282780E-03
  0.210088E+01  0.225593E+05  0.224455E+05 -0.112151E-03 -0.451600E-03
  0.217209E+01  0.213069E+05  0.211994E+05 -0.990918E-04 -0.263127E-03
  0.224571E+01  0.201224E+05  0.200209E+05 -0.875491E-04 -0.163576E-03
  0.232183E+01  0.190023E+05  0.189064E+05 -0.773427E-04 -0.180793E-03
  0.240053E+01  0.179431E+05  0.178526E+05 -0.683212E-04 -0.602873E-04
  0.248189E+01  0.169417E+05  0.168562E+05 -0.603483E-04 -0.218021E-03
  0.256602E+01  0.159949E+05  0.159141E+05 -0.533011E-04  0.162921E-04
  0.265299E+01  0.150999E+05  0.150237E+05 -0.470732E-04 -0.145673E-03
  0.274292E+01  0.142539E+05  0.141820E+05 -0.415701E-04  0.388787E-05
  0.283589E+01  0.134544E+05  0.133865E+05 -0.367073E-04 -0.166003E-03
  0.293201E+01  0.126988E+05  0.126347E+05 -0.324116E-04 -0.229513E-04
  0.303139E+01  0.119848E+05  0.119243E+05 -0.286165E-04 -0.598724E-04
  0.313414E+01  0.113102E+05  0.112531E+05 -0.252637E-04 -0.526308E-04
  0.324037E+01  0.106729E+05  0.106190E+05 -0.223026E-04 -0.789362E-04
  0.335020E+01  0.100707E+05  0.100199E+05 -0.196871E-04  0.607604E-05
  0.346376E+01  0.950195E+04  0.945397E+04 -0.173772E-04 -0.452828E-04
  0.358116E+01  0.896474E+04  0.891947E+04 -0.153374E-04  0.261689E-04
  0.370255E+01  0.845731E+04  0.841460E+04 -0.135360E-04 -0.149316E-04
  0.382805E+01  0.797814E+04  0.793784E+04 -0.119455E-04 -0.546651E-04
  0.395780E+01  0.752560E+04  0.748758E+04 -0.105413E-04 -0.327232E-04
  0.409195E+01  0.709831E+04  0.706245E+04 -0.930149E-05 -0.278508E-06
  0.423065E+01  0.669484E+04  0.666101E+04 -0.820696E-05  0.206262E-04
  0.437404E+01  0.631394E+04  0.628204E+04 -0.724085E-05 -0.321324E-04
  0.452230E+01  0.595433E+04  0.592423E+04 -0.638804E-05 -0.567447E-05
  0.467559E+01  0.561488E+04  0.558650E+04 -0.563536E-05 -0.508715E-05
  0.483407E+01  0.529446E+04  0.526769E+04 -0.497104E-05 -0.147962E-04
  0.499792E+01  0.499204E+04  0.496680E+04 -0.438481E-05  0.158432E-04
  0.516732E+01  0.470663E+04  0.468282E+04 -0.386748E-05 -0.114702E-04
  0.534247E+01  0.443729E+04  0.441484E+04 -0.341100E-05 -0.443061E-05
  0.552355E+01  0.418314E+04  0.416197E+04 -0.300824E-05  0.279884E-06
  0.571078E+01  0.394333E+04  0.392337E+04 -0.265289E-05 -0.154398E-04
  0.590434E+01  0.371707E+04  0.369825E+04 -0.233939E-05  0.974219E-05
  0.610447E+01  0.350362E+04  0.348587E+04 -0.206283E-05  0.191575E-05
  0.631138E+01  0.330225E+04  0.328552E+04 -0.181887E-05  0.733469E-05
  0.652531E+01  0.311228E+04  0.309651E+04 -0.160368E-05 -0.695007E-05
  0.674648E+01  0.293310E+04  0.291823E+04 -0.141387E-05 -0.775777E-05
  0.697516E+01  0.276409E+04  0.275007E+04 -0.124647E-05 -0.239177E-05
  0.721158E+01  0.260468E+04  0.259147E+04 -0.109883E-05  0.555924E-05
  0.745602E+01  0.245434E+04  0.244189E+04 -0.968626E-06 -0.142317E-05
  0.770874E+01  0.231257E+04  0.230082E+04 -0.853808E-06 -0.266104E-05
  0.797003E+01  0.217887E+04  0.216780E+04 -0.752565E-06 -0.128150E-05
  0.824017E+01  0.205281E+04  0.204238E+04 -0.663295E-06 -0.157368E-05
  0.851948E+01  0.193396E+04  0.192412E+04 -0.584588E-06  0.116212E-05
  0.880824E+01  0.182190E+04  0.181263E+04 -0.515196E-06  0.334057E-06
  0.910680E+01  0.171626E+04  0.170752E+04 -0.454021E-06  0.213995E-05
  0.941548E+01  0.161667E+04  0.160843E+04 -0.400092E-06 -0.263995E-05
  0.973462E+01  0.152279E+04  0.151503E+04 -0.352553E-06 -0.249965E-05
  0.100646E+02  0.143430E+04  0.142698E+04 -0.310649E-06 -0.268992E-05
  0.104057E+02  0.135089E+04  0.134399E+04 -0.273713E-06  0.191176E-05
  0.107584E+02  0.127228E+04  0.126577E+04 -0.241158E-06 -0.875878E-06
  0.111231E+02  0.119818E+04  0.119205E+04 -0.212465E-06  0.141034E-05
  0.115001E+02  0.112835E+04  0.112257E+04 -0.187178E-06 -0.494637E-06
  0.118899E+02  0.106255E+04  0.105710E+04 -0.164893E-06 -0.669697E-06
  0.122929E+02  0.100054E+04  0.995404E+03 -0.145256E-06 -0.119652E-05
  0.127096E+02  0.942116E+03  0.937272E+03 -0.127952E-06 -0.140164E-05
  0.131404E+02  0.887067E+03  0.882500E+03 -0.112705E-06 -0.704293E-06
  0.135858E+02  0.835202E+03  0.830896E+03 -0.992713E-07 -0.448863E-06
  0.140462E+02  0.786338E+03  0.782278E+03 -0.874352E-07 -0.341423E-06
  0.145223E+02  0.740302E+03  0.736473E+03 -0.770069E-07 -0.727723E-06
  0.150146E+02  0.696933E+03  0.693322E+03 -0.678197E-07 -0.132168E-06
  0.155235E+02  0.656078E+03  0.652672E+03 -0.597261E-07 -0.287546E-06
  0.160497E+02  0.617594E+03  0.614381E+03 -0.525963E-07  0.194441E-07
  0.165937E+02  0.581345E+03  0.578314E+03 -0.463158E-07 -0.338543E-06
  0.171561E+02  0.547204E+03  0.544345E+03 -0.407839E-07  0.157746E-06
  0.177376E+02  0.515050E+03  0.512352E+03 -0.359113E-07  0.262171E-06
  0.183388E+02  0.484769E+03  0.482223E+03 -0.316199E-07 -0.186349E-06
  0.189604E+02  0.456248E+03  0.453846E+03 -0.278400E-07  0.222640E-06
  0.196031E+02  0.429388E+03  0.427120E+03 -0.245110E-07 -0.368521E-07
  0.202676E+02  0.404098E+03  0.401957E+03 -0.215794E-07  0.266074E-06
  0.209545E+02  0.380284E+03  0.378263E+03 -0.189978E-07 -0.415458E-07
  0.216648E+02  0.357858E+03  0.355949E+03 -0.167242E-07 -0.173867E-07
  0.223991E+02  0.336743E+03  0.334939E+03 -0.147223E-07  0.382542E-07
  0.231583E+02  0.316865E+03  0.315161E+03 -0.129596E-07 -0.273049E-07
  0.239433E+02  0.298148E+03  0.296538E+03 -0.114075E-07  0.364761E-08
  0.247549E+02  0.280526E+03  0.279004E+03 -0.100409E-07  0.392933E-07
  0.255939E+02  0.263939E+03  0.262500E+03 -0.883775E-08 -0.644717E-07
  0.264614E+02  0.248323E+03  0.246962E+03 -0.777847E-08  0.629594E-07
  0.273583E+02  0.233622E+03  0.232334E+03 -0.684587E-08  0.106422E-06
  0.282857E+02  0.219786E+03  0.218567E+03 -0.602495E-08  0.281006E-07
  0.292444E+02  0.206760E+03  0.205606E+03 -0.530222E-08  0.215102E-07
  0.302356E+02  0.194500E+03  0.193408E+03 -0.466604E-08  0.115749E-07
  0.312605E+02  0.182962E+03  0.181927E+03 -0.410606E-08  0.476925E-07
  0.323201E+02  0.172101E+03  0.171120E+03 -0.361313E-08  0.648894E-07
  0.334156E+02  0.161881E+03  0.160951E+03 -0.317930E-08  0.380510E-07
  0.345482E+02  0.152261E+03  0.151379E+03 -0.279742E-08  0.222206E-07
  0.357192E+02  0.143209E+03  0.142372E+03 -0.246135E-08 -0.636321E-07
  0.369299E+02  0.134690E+03  0.133895E+03 -0.216556E-08 -0.107128E-07
  0.381816E+02  0.126674E+03  0.125920E+03 -0.190526E-08 -0.113939E-07
  0.394758E+02  0.119130E+03  0.118413E+03 -0.167618E-08  0.127188E-07
  0.408138E+02  0.112033E+03  0.111351E+03 -0.147460E-08 -0.209236E-07
  0.421972E+02  0.105354E+03  0.104705E+03 -0.129720E-08  0.134529E-07
  0.436275E+02  0.990707E+02  0.984528E+02 -0.114111E-08 -0.303012E-07
  0.451063E+02  0.931581E+02  0.925695E+02 -0.100376E-08 -0.211254E-07
  0.466352E+02  0.875957E+02  0.870345E+02 -0.882907E-09 -0.103731E-07
  0.482159E+02  0.823629E+02  0.818275E+02 -0.776580E-09  0.204704E-07
  0.498501E+02  0.774392E+02  0.769280E+02 -0.683025E-09 -0.503036E-08
  0.515398E+02  0.728078E+02  0.723193E+02 -0.600721E-09  0.827758E-08
  0.532868E+02  0.684510E+02  0.679840E+02 -0.528314E-09 -0.165392E-10
  0.550929E+02  0.643521E+02  0.639052E+02 -0.464612E-09 -0.144457E-08
  0.569603E+02  0.604966E+02  0.600685E+02 -0.408575E-09 -0.739601E-08
  0.588910E+02  0.568702E+02  0.564598E+02 -0.359283E-09 -0.803741E-08
  0.608871E+02  0.534591E+02  0.530653E+02 -0.315924E-09 -0.101150E-07
  0.629509E+02  0.502505E+02  0.498724E+02 -0.277784E-09  0.379258E-08
  0.650846E+02  0.472325E+02  0.468691E+02 -0.244237E-09 -0.810889E-08
  0.672907E+02  0.443941E+02  0.440444E+02 -0.214731E-09  0.388194E-08
  0.695715E+02  0.417245E+02  0.413878E+02 -0.188781E-09 -0.431473E-08
  0.719296E+02  0.392139E+02  0.388893E+02 -0.165959E-09 -0.387787E-08
  0.743677E+02  0.368527E+02  0.365395E+02 -0.145889E-09 -0.319164E-08
  0.768884E+02  0.346322E+02  0.343297E+02 -0.128239E-09 -0.382879E-08
  0.794945E+02  0.325441E+02  0.322515E+02 -0.112718E-09 -0.118092E-08
  0.821890E+02  0.305804E+02  0.302973E+02 -0.990699E-10  0.343171E-08
  0.849748E+02  0.287339E+02  0.284596E+02 -0.870695E-10  0.211836E-08
  0.878550E+02  0.269975E+02  0.267315E+02 -0.765181E-10 -0.289903E-08
  0.908329E+02  0.253647E+02  0.251065E+02 -0.672410E-10 -0.249749E-08
  0.939117E+02  0.238294E+02  0.235785E+02 -0.590847E-10 -0.844087E-09
  0.970948E+02  0.223858E+02  0.221418E+02 -0.519143E-10 -0.715083E-09
  0.100386E+03  0.210286E+02  0.207910E+02 -0.456110E-10 -0.181277E-08
